************
-sigma = 10
************
-PSNR_basic = 33.2711
-RMSE_basic = 5.53328
-PSNR       = 34.4589
-RMSE       = 4.82607
